                                          2
                                          2        111
                                          2              22
                                          2              22
                                          2      11      22
                                          2              22                          1
                                          2           11 22                         11
                                          2              22                        111
                                          2      11      22                       1111
                                          2              22                      11111
      111                                 2111           22                     111111
              1  1                 22     2              22     1 1 1 1        1111111
 x           112211                                      22                   11111111
1111111111111111111111111      1111111111111111111111111111111111111111111111111111111111111111111
1111111111111111111111111      1111111111111111111111111111111111111111111111111111111111111111111